B=[1,2,3,4,5;2,3,4,5,6;3,4,5,6,7]
A=[1,2,3;2,3,4;3,4,5;4,5,6;5,6,7]
R=[1,1,1,0,0;1,0,1,0,1;1,1,1,1,1,;0,1,0,1,0;1,0,1,0,1]

Ans1=sum(sum((A*B).*R))
C=A*B;
Ans2=sum(sum(C(R==1)))
C=(A*B)*R
Ans3=sum(C(:))
Ans4=sum(sum(A(R==1)*B(R==1)))
