Plotting data with + indicating (y = 1) examples and o indicating (y = 0) examples.
pos =

     4
     5
     7
     8
     9
    10
    13
    14
    16
    17
    19
    20
    22
    25
    26
    27
    31
    32
    34
    38
    41
    43
    47
    48
    49
    50
    51
    52
    53
    57
    59
    60
    61
    67
    69
    70
    72
    73
    74
    75
    76
    77
    78
    81
    82
    83
    84
    85
    86
    88
    89
    91
    92
    94
    95
    96
    97
    98
    99
   100

neg =

    1
    2
    3
    6
   11
   12
   15
   18
   21
   23
   24
   28
   29
   30
   33
   35
   36
   37
   39
   40
   42
   44
   45
   46
   54
   55
   56
   58
   62
   63
   64
   65
   66
   68
   71
   79
   80
   87
   90
   93


Program paused. Press enter to continue.
